2D Molecular Graph
--------------------------------------------------------------------------------

.. literalinclude:: ../../example/molecular-2d.py
   :language: python
   :linenos:

Exptected output:

.. code-block:: none

               CC       CCO       CCN       C=C      CC=C     CC=CC
  CC     1.000000  0.301240  0.320140  0.081422  0.168009  0.184527
  CCO    0.301240  1.000000  0.688769  0.242019  0.533106  0.565582
  CCN    0.320140  0.688769  1.000000  0.234430  0.473560  0.484795
  C=C    0.081422  0.242019  0.234430  1.000000  0.361879  0.246465
  CC=C   0.168009  0.533106  0.473560  0.361879  1.000000  0.827114
  CC=CC  0.184527  0.565582  0.484795  0.246465  0.827114  1.000000
