Examples
========

.. contents::
   :depth: 2

Unweighted, Unlabeled Graph
--------------------------------------------------------------------------------

.. literalinclude:: ../example/unlabeled-unweighted.py
   :language: python
   :linenos:

Exptected output:

.. code-block::

   [[1.         0.99999963 1.00000005]
    [0.99999963 1.         0.99999958]
    [1.00000005 0.99999958 1.        ]]


Unweighted, Node-Labeled Graph
--------------------------------------------------------------------------------

.. literalinclude:: ../example/nodelabeled-unweighted.py
   :language: python
   :linenos:

Exptected output:

.. code-block::

   [[1.         0.59784909 0.45851714]
    [0.59784909 1.         0.7339707 ]
    [0.45851714 0.7339707  1.        ]]


Weighted, Node-Labeled Graph
--------------------------------------------------------------------------------

.. literalinclude:: ../example/nodelabeled-weighted.py
   :language: python
   :linenos:

Exptected output:

.. code-block::

   [[1.         0.48829836 0.47495925]
    [0.48829836 1.         0.8931447 ]
    [0.47495925 0.8931447  1.        ]]

Weighted, Node- and Edge-Labeled Graph
--------------------------------------------------------------------------------

.. literalinclude:: ../example/labeled-weighted.py
   :language: python
   :linenos:

Exptected output:

.. code-block::

   [[1.         0.50970827 0.52433483]
    [0.50970827 1.         0.71869168]
    [0.52433483 0.71869168 1.        ]]

2D Molecular Graph
--------------------------------------------------------------------------------


3D Molecular Graph
--------------------------------------------------------------------------------

.. literalinclude:: ../example/molecular-3d.py
   :language: python
   :linenos:
